39 21
64 64
32 5 5 5 29 0 0 0 0 0 32 5 5 5 5 25 5 5 5 5 29 0 0 0 0 0 32 5 5 5 5 5 5 5 5 5 5 5 29
8 1 1 1 33 5 5 5 5 5 36 1 1 1 1 1 1 1 1 1 33 5 5 5 5 29 8 1 1 1 1 1 1 1 1 1 1 1 6
8 1 1 1 1 1 1 1 1 1 1 1 1 1 1 1 1 1 1 1 1 1 1 1 1 22 24 1 1 1 1 1 1 1 1 1 1 1 28
31 7 7 7 7 7 7 7 7 7 35 1 1 1 1 1 1 1 1 1 34 7 7 7 7 30 8 1 1 1 1 1 1 1 1 1 1 1 6
0 0 0 0 0 0 0 0 0 0 8 1 1 1 1 1 1 1 1 1 6 0 0 0 0 0 8 1 1 1 1 1 1 1 1 1 1 1 6
0 0 0 0 0 0 0 0 0 0 8 1 1 1 1 1 1 1 1 1 6 0 0 0 0 0 8 1 1 1 1 1 1 1 1 1 1 1 6
0 0 0 0 0 0 0 0 0 0 26 1 1 1 1 1 1 1 1 1 6 0 0 0 0 0 8 1 1 1 1 1 1 1 1 1 1 1 6
0 0 0 0 0 0 0 0 0 0 8 1 1 1 1 1 1 1 1 1 6 0 0 0 0 0 8 1 1 1 1 1 1 1 1 1 1 1 28
0 0 0 0 0 0 0 0 0 0 8 1 1 1 1 1 1 1 1 1 6 0 0 0 0 0 8 1 1 1 1 1 1 1 1 1 1 1 6
0 0 0 0 0 0 0 0 0 0 31 7 7 7 35 1 34 7 7 7 30 0 0 0 0 0 31 7 7 7 7 7 7 7 7 7 7 7 30
0 0 0 0 0 0 0 0 0 0 0 0 0 0 8 1 6 0 0 0 0 0 0 0 0 0 0 0 0 0 0 0 0 0 0 0 0 0 0
0 0 0 0 0 0 0 0 0 0 0 0 0 0 8 1 6 0 0 0 0 0 0 0 0 0 0 0 0 0 0 0 0 0 0 0 0 0 0
0 0 0 0 0 0 0 0 0 0 0 0 0 0 8 1 6 0 0 0 0 0 0 0 0 0 0 0 0 0 0 0 0 0 0 0 0 0 0
0 0 0 0 0 0 0 0 0 0 0 0 0 0 8 1 6 0 0 0 0 0 0 0 0 0 0 0 0 0 0 0 0 0 0 0 0 0 0
0 0 0 0 0 0 0 0 0 0 0 0 0 0 31 23 30 0 0 0 0 0 0 0 0 0 0 0 0 0 0 0 0 0 0 0 0 0 0
0 0 0 0 0 0 0 0 0 0 0 32 5 5 5 21 5 5 5 29 0 0 0 0 0 0 0 0 0 0 0 0 0 0 0 0 0 0 0
0 0 0 0 0 0 0 0 0 0 0 8 1 1 1 1 1 1 1 6 0 0 0 0 0 0 0 0 0 0 0 0 0 0 0 0 0 0 0
0 0 0 0 0 0 0 0 0 0 0 8 1 1 1 1 1 1 1 6 0 0 0 0 0 0 0 0 0 0 0 0 0 0 0 0 0 0 0
0 0 0 0 0 0 0 0 0 0 0 8 1 1 1 1 1 1 1 6 0 0 0 0 0 0 0 0 0 0 0 0 0 0 0 0 0 0 0
0 0 0 0 0 0 0 0 0 0 0 31 7 7 7 27 7 7 7 30 0 0 0 0 0 0 0 0 0 0 0 0 0 0 0 0 0 0 0
0 0 0 0 0 0 0 0 0 0 0 0 0 0 0 0 0 0 0 0 0 0 0 0 0 0 0 0 0 0 0 0 0 0 0 0 0 0 0